0.363319
0.5895897
0.5159871
0.5531882
0.3246893
0.3406773
0.3532699
0.4535241
0.6233609
0.7701221
0.6320922
0.4035811
0.3211912
0.2802331
0.3411284
0.3999381
0.6686508
0.6317238
0.439889
0.6596686
0.5349025
0.393642
0.5489633
0.8326685
0.4892416
0.3959983
0.5504701
0.234669
0.3214422
0.3019998
0.3840166
0.3606342
0.3999834
0.4321127
0.4523393
0.3653937
0.4725434
0.4438068
0.5393689
0.3931092
0.4783992
0.3669297
0.4087947
0.3746809
0.4702944
0.396977
0.5547121
0.4594341
0.3944281
0.4706145
0.4721215
0.2754669
0.3853137
0.405143
0.2751829
0.3288647
0.41562
0.3694247
0.3922896
0.554904
0.5074146
0.3684293
0.2659281
0.3652131
0.5022827
0.3606039
0.4085376
0.4796742
0.4012292
0.4855131
0.4592732
0.3337863
0.3306513
0.3515622
0.3701795
0.4176187
0.4431594
0.3183739
0.3993165
0.2987666
0.3098896
0.3808603
0.5265692
0.4817721
0.4494034
0.3312049
0.2458173
0.4117765
0.6213063
0.3871184
0.3887116
0.3706587
0.4284256
0.5168808
0.5574627
0.5495532
0.4165773
0.5120524
0.4976763
0.542272
0.4855084
0.2973033
0.5114665
0.4527846
0.3856679
0.4647566
0.3591938
0.2690023
0.2728845
0.2542935
0.3684986
0.305448
0.3217104
0.4196171
0.4771837
0.5614268
0.4388504
0.329908
0.3723435
0.4128583
0.5903391
0.5388847
0.4509282
0.4772771
0.4940142
0.326308
0.3587068
0.421696
0.4741748
0.4503408
0.4100033
0.4129141
0.5750493
0.5392668
0.2982486
0.5310072
0.2606304
0.4494342
0.2653259
0.4322147
0.4185541
0.2932511
0.3281869
0.3921095
0.4736033
0.5139106
0.4564762
0.5733494
0.5564491
0.3973059
0.4296692
0.4407644
0.3210291
0.4984097
0.4539708
0.4166762
0.7099904
0.4007052
0.4162294
0.3369655
0.5772509
0.4729749
0.4765763
0.5924865
0.4031469
0.3876766
0.5566384
0.4715924
0.3849485
0.59651
0.4297884
0.3950298
0.3545629
0.5232169
0.4484076
0.4521144
0.5923766
0.6215097
0.4636597
0.6156741
0.4632258
0.4768964
0.3432695
0.3360299
0.3853878
0.3560566
0.4505184
0.2972401
0.3908117
0.359944
0.327046
0.5325146
0.5655348
0.4615937
0.5161324
0.4163385
0.3434668
0.4686605
0.4874322
0.4420735
0.4657249
0.302423
0.3816541
0.2537683
0.367502
0.2689144
0.3211189
0.406797
0.3346212
0.3009106
0.4644784
0.2803168
0.2734077
0.2537983
0.2339135
0.2328348
0.3316793
0.3766865
0.4562376
0.3500201
0.3544904
0.2771591
0.2506313
0.4528408
0.438786
0.579717
0.4946427
0.4915169
0.398845
0.2745485
0.2829367
0.4848294
0.490154
0.3440527
0.3480425
0.3401766
0.5498416
0.5410784
0.539699
0.3018289
0.5129091
0.5917953
0.5813451
0.4258486
0.5281168
0.5367658
0.5418751
0.3914778
0.3050701
0.4656497
0.6262613
0.5935768
0.5179214
0.359276
0.392834
0.3921699
0.2598944
0.2236188
0.2640132
0.3239067
0.2707344
0.3377782
0.3913053
0.3298436
0.5482265
0.5852058
0.5850558
0.3354666
0.2801643
0.3285178
0.4610094
0.3534739
0.391938
0.4451022
0.358905
0.3677044
0.2662355
0.3906126
0.4469765
0.5124471
0.3248339
0.5057417
0.4285625
0.3626345
0.4090132
0.3606745
0.2421457
0.3070873
0.3985939
0.3274044
0.540432
0.6777981
0.431026
0.3395885
0.2428986
0.2501962
0.2250164
0.2980031
0.333421
0.3569903
0.4007864
0.4723396
0.6200564
0.4484338
0.4901273
0.510889
0.3631331
0.2347257
0.503463
0.5975045
0.7716607
0.502919
0.5969596
0.4264717
0.4685954
0.3726423
0.230568
0.4242029
0.6625227
0.607745
0.3347084
0.3129921
0.3762365
0.3166822
0.3332285
0.5312028
0.6538762
0.5125484
0.3230454
0.3459853
0.3748989
0.3788114
0.4099381
0.5506183
0.452301
0.4412311
0.3777506
0.3096288
0.3429943
0.3502839
0.3361642
0.4469332
0.8253586
0.3939197
0.6131473
0.4408725
0.4328047
0.3356978
0.3871098
0.4619092
0.5133077
0.7008099
0.4040115
0.2360574
0.252561
0.3275366
0.4358694
0.3691661
0.5507912
0.4683079
0.5832781
0.6027119
0.389278
0.3336376
0.5099259
0.4585092
0.5659636
0.3644688
0.3028827
0.4266089
0.4794443
0.6690147
0.4103474
0.5467535
0.50651
0.5395619
0.4796191
0.4492661
0.5759382
0.3880072
0.7224493
0.483289
0.4234934
0.3454027
0.3715406
0.3948688
0.4489928
0.2857068
0.4533925
0.353363
0.4982995
0.4245172
0.2412256
0.3517314
0.5865956
0.431526
0.4348412
0.5366727
0.4574599
0.3678698
0.1953664
0.2751856
0.4231101
0.4174237
0.4034571
0.5024477
0.4499528
0.5384286
0.5689625
0.7321894
0.5694618
0.384856
0.5115976
0.6780779
0.6683921
0.4679966
0.4835506
0.3921247
0.3935229
0.6452997
0.6878585
0.3449696
0.3177164
0.3892359
0.3235143
0.2440459
0.3176381
0.3870818
0.3531831
0.3257771
0.2610627
0.2863573
0.2963106
0.4510984
0.3845815
0.3811655
0.4459404
0.5614625
0.4554195
0.3036775
0.3121488
0.4259431
0.5200731
0.4369953
0.5467281
0.7596122
0.8191427
0.3985388
0.3251108
0.4960011
0.5555994
0.5390533
0.4016204
0.241957
0.406613
0.5530984
0.5293996
0.4620724
0.4251583
0.4152977
0.2953695
0.3755027
0.4156895
0.3671161
0.3578597
0.313357
0.2457743
0.2644201
0.2487542
0.2920041
0.3588202
0.3754299
0.2207451
0.3546243
0.4662466
0.3825402
0.4185647
0.5412884
0.502711
0.425229
0.3031428
0.4499841
0.5322974
0.5093151
0.499548
0.5438926
0.6217141
0.4386799
0.4209731
0.4672034
0.2969624
0.444836
0.4307426
0.4796277
0.4588867
0.4530312
0.4757373
0.5106311
0.5093136
0.5094674
0.6178512
0.4213231
0.3868812
0.2724313
0.2792692
0.2456423
0.2773708
0.5847036
0.4302943
0.5055618
0.5385029
0.466402
0.3488899
0.4093762
0.3286058
0.3604189
0.6685808
0.396775
0.3676653
0.5322804
0.5781077
0.5231484
0.6644648
0.5195306
0.4184338
0.4570242
0.4463963
0.4774775
0.4646653
0.3708884
0.4680347
0.360523
0.2455931
0.2522009
0.4411325
0.2788034
0.3893613
0.3637687
0.3433772
0.4163524
0.3197104
0.2474078
0.5002268
0.4566828
0.4050681
0.46761
0.5168561
0.3443094
0.2598475
0.2708049
0.4688539
0.4664504
0.3257077
0.5880354
0.5507924
0.4975648
0.3983467
0.4637412
0.5037445
0.38722
0.4492166
0.5933796
0.5257545
0.5504602
0.5878936
0.3974724
0.3686731
0.4228491
0.4237903
0.349781
0.5424045
0.7010888
0.5395715
0.6823974
0.6393417
0.3846069
0.5041501
0.4687421
0.3994436
0.5151614
0.3781447
0.239054
0.3801261
0.309739
0.315928
0.5020701
0.6122606
0.5393702
0.4837102
0.5453278
0.6747779
0.6291583
0.3132722
0.3112552
0.2619766
0.43969
0.3333086
0.5287837
0.5119005
0.5102045
0.6703652
0.5308894
0.8774648
0.7613236
0.4912052
0.4475836
0.4344165
0.3265173
0.3211849
0.3591236
0.626856
0.5161076
0.3842509
0.339909
0.3857623
0.3531119
0.396489
0.372897
0.2686385
0.303851
0.5329239
0.2669958
0.274678
0.2463531
0.2036444
0.3302257
0.515785
0.4837149
0.5316928
0.3925699
0.4464464
0.3888193
0.420059
0.3264083
0.4153048
0.304752
0.2416646
0.2259327
0.2598318
0.18149
0.3620455
0.5496027
0.538196
0.4397569
0.6504992
0.4304926
0.3766542
0.4851326
0.2946777
0.3250881
0.38802
0.2388434
0.2813921
0.5454577
0.7192029
0.4717435
0.346181
0.3022896
0.2638804
0.2011635
0.2333092
0.280404
0.2888492
0.3204317
0.2968427
0.259348
0.4622098
0.4479593
0.313825
0.2720443
0.3572463
0.3370057
0.2060676
0.3390273
0.4482245
0.4328681
0.3835649
0.4102447
0.2330688
0.2769903
0.2858318
0.2952089
0.5688429
0.4177052
0.3444043
0.1611353
0.2116142
0.2581017
0.290964
0.3170582
0.2685376
0.5890924
0.5963705
0.4793338
0.54726
0.6242461
0.5349732
0.3839551
0.2987793
0.257131
0.378893
0.4728036
0.3443077
0.2408735
0.3382829
0.2650324
0.4039703
0.3766857
0.3319375
0.2679672
0.3782259
0.3990008
0.4012773
0.3164133
0.2452138
0.2075007
0.3368198
0.3230439
0.4225274
0.3930648
0.6667221
0.5832528
0.354013
0.2889536
0.3042302
0.3745162
0.3525212
0.5286668
0.311363
0.3140532
0.2746375
0.2300579
0.2187318
0.2383182
0.396522
0.3312288
0.4557152
0.5024346
0.5446419
0.5285556
0.5100829
0.3328814
0.4099934
0.329672
0.3411693
0.2782382
0.2969025
0.3733221
0.3750559
0.3948669
0.4463116
0.5471894
0.4109411
0.4090458
0.3274371
0.4766582
0.5496182
0.5479434
0.48384
0.373907
0.3082178
0.3154937
0.334689
0.3880615
0.4362236
0.4783045
0.5627678
0.7822117
0.5527293
0.8790073
0.3335233
0.40223
0.3845028
0.3047834
0.3609567
0.2939253
0.3275301
0.4808647
0.3755927
0.6038339
0.5201057
0.572792
0.3525114
0.2876145
0.3105533
0.3311673
0.3838792
0.3030184
0.3565503
0.3349648
0.2967666
0.2047772
0.4302627
0.3361227
0.3246238
0.3828659
0.6670777
0.5049373
0.4974561
0.5406474
0.3828737
0.3801862
0.3497316
0.4510128
0.4795148
0.4524623
0.3397997
0.3008372
0.3777462
0.2334619
0.2630724
0.48462
0.5365606
0.4628084
0.6516457
0.5769913
0.461292
0.3640139
0.3973495
0.4816157
0.3156263
0.2096611
0.2382999
0.2540976
0.374314
0.4389747
0.6145544
0.4052818
0.3231758
0.2996121
0.344668
0.5024904
0.423694
0.3272038
0.243169
0.375728
0.3160507
0.2841235
0.2673014
0.2594976
0.3151684
0.3776891
0.4497334
0.394518
0.4132428
0.4318876
0.4658499
0.2750712
0.4375585
0.4150059
0.2561809
0.2764063
0.1705479
0.3259734
0.473716
0.3871012
0.3656831
0.3859264
0.3275491
0.3079846
0.3082609
0.2821883
0.2635123
0.2924922
0.2579979
0.459577
0.3575822
0.396008
0.2835999
0.3176928
0.5121956
0.5376689
0.5111924
0.2641242
0.2886455
0.3384583
0.4388118
0.3344166
0.4311968
0.4173815
0.4139632
0.4149625
0.310554
0.4270551
0.4684617
0.2862791
0.2513071
0.3094736
0.358753
0.3637943
0.2587716
0.2865587
0.3761598
0.3792544
0.4465641
0.3746815
0.2947719
0.469866
0.4125171
0.5590348
0.5817465
0.2936097
0.3414109
0.3540997
0.2802504
0.3251662
0.377489
0.3580799
0.3270683
0.3650221
0.3464286
0.316542
0.4744786
0.4287203
0.2990356
0.3823128
0.4075113
0.4268154
0.3604186
0.4147439
0.3637226
0.2655901
0.4127607
0.2955028
0.3438235
0.3069446
0.4226238
0.3417647
0.551931
0.5047075
0.5471665
0.7419894
0.6689459
0.4002267
0.4613332
0.4046216
0.2841664
0.2761572
0.2933534
0.3157922
0.4082289
0.4975466
0.4389515
0.442185
0.493353
0.4738524
0.3997029
0.3682388
0.3770262
0.3694654
0.4979127
0.6802108
0.559935
0.5419204
0.6747126
0.6198132
0.7637238
0.5926221
0.4087446
0.4019387
0.3381669
0.5358749
0.3568916
0.3598196
0.2850742
0.2853644
0.236893
0.2712168
0.4094201
0.2856602
0.394453
0.5625347
0.5073335
0.3898817
0.3835231
0.3619812
0.3593667
0.3443532
0.3540783
0.3120691
0.242028
0.4086239
0.3308596
0.3356999
0.3299105
0.410467
0.393848
0.3208901
0.3234625
0.352098
0.3030821
0.2650069
0.2756699
0.4619098
0.4490949
0.346974
0.2603069
0.6213945
0.3394203
0.3627653
0.4336847
0.3202929
0.4012933
0.2884175
0.1679781
0.2865877
0.5215553
0.5248619
0.3488802
0.4543685
0.2624701
0.3969146
0.4476492
0.7205309
0.3985841
0.3743736
0.4243647
0.2720119
0.4321162
0.354605
0.5784562
0.4972739
0.858711
0.4760712
0.5446413
0.4915719
0.5378821
0.8222958
0.5313365
0.3685159
0.3661336
0.2794188
0.2975181
0.2973198
0.2456701
0.3035412
0.3997051
0.5866232
0.4001397
0.3418775
0.3319858
0.5276862
0.3595853
0.4046873
0.3120981
0.3363387
0.337951
0.4210888
0.4216547
0.3710329
0.3539587
0.3073741
0.3864083
0.5590811
0.5371347
0.5077922
0.5061421
0.3513746
0.5155501
0.5128868
0.5236555
0.5017287
0.3340812
0.2720693
0.2153735
0.2360444
0.3523658
0.358942
0.3974205
0.4083522
0.2568321
0.2688817
0.3676056
0.2589945
0.2468391
0.2477264
0.3338328
0.3907313
0.1996822
0.3234774
0.410971
0.4452514
0.268337
0.1909891
0.2108227
0.268303
0.3668275
0.3877124
0.2989791
0.3065144
0.3788471
0.4904569
0.4325123
0.2893117
0.2979014
0.3075627
0.3656914
0.3615645
0.4145086
0.4627158
0.4412075
0.408294
0.4039019
0.3739883
0.6190448
0.4908379
0.2504176
0.3376215
0.3488158
0.2923515
0.7349758
0.4196241
0.5385812
0.3204564
0.3828155
0.3839252
0.3488837
0.3978237
0.5746992
0.6585258
0.3944346
0.5224585
0.4419246
0.4541457
0.3862169
0.3204607
0.3360502
0.3406537
0.3959591
0.4423365
0.5531153
0.7335672
0.4889483
0.4976005
0.4847029
0.3906678
0.2797889
0.309695
0.384805
0.4166531
0.5042579
0.2684886
0.4769151
0.3936128
0.459207
0.2957428
0.2806622
0.215893
0.3553125
0.222717
0.2825124
0.533168
0.3740602
0.4006542
0.5423668
0.8544269
0.5877721
0.4210463
0.5609861
0.3170419
0.5429572
0.5638975
0.3850722
0.4422578
0.5777504
0.4281146
0.4421751
0.4132889
0.4024621
0.3412405
0.2971283
0.4419694
0.4763313
0.4133702
0.4035579
0.492721
0.6200462
0.2846982
0.289576
0.2601387
0.2716654
0.3673205
0.3940392
0.4510467
0.4374535
0.4677167
0.4220403
0.3934744
0.2797886
0.4072583
0.5284024
0.4777683
0.6630652
0.4623713
0.4275879
0.2520799
0.2072743
0.2533201
0.5528224
0.4206035
0.3938535
0.268749
0.3472939
0.2914068
0.3078456
0.3588529
0.3588138
0.4592442
0.3602967
0.3533537
0.4405583
0.3653397
0.3734978
0.4573397
0.5186444
0.4166237
0.3081121
0.4488264
0.3379667
0.370815
0.2755758
0.3563958
0.291886
0.3657296
0.626208
0.3851907
0.3910049
0.4970438
0.421968
0.4581837
0.3779847
0.3918404
0.4877185
0.5058776
0.5660652
0.6139767
0.5517078
0.6089979
0.4504012
0.4819138
0.4340908
0.5785502
0.5714005
0.4341394
0.5377125
0.3540091
0.3883294
0.4949199
0.552862
0.3239451
0.5173796
0.4275708
0.5043259
0.4489175
0.4940703
0.3850003
0.4236715
0.3172687
0.3026813
0.4278028
0.3199005
0.4875398
0.3681603
0.6057981
0.3742756
0.3617631
0.2392714
0.2864839
0.3790651
0.6253222
0.3116026
0.4813812
0.2864943
0.5126492
0.3769844
0.3545429
0.3989341
0.7294632
0.4244607
0.4511124
0.4749374
0.6898611
0.6322807
0.5032379
0.4223426
0.5168166
0.5572008
0.6492757
0.3415349
0.4878298
0.5377141
0.515984
0.4383008
0.6539689
0.5269529
0.5942123
0.663568
0.3079209
0.2691514
0.2916706
0.2398934
0.3426041
0.3865103
0.353515
0.356785
0.2998394
0.2588056
0.2262607
0.5596944
0.347588
0.3728885
0.2948625
0.4896842
0.3873566
0.4988698
0.3280565
0.298593
0.3684064
0.4086359
0.3838498
0.6215518
0.3202023
0.2931366
0.2803122
0.3213694
0.3449832
0.4737597
0.4170223
0.528075
0.5825183
0.4891719
0.4694908
0.5219947
0.3623667
0.3799176
0.2263322
0.2910246
0.3622425
0.4981498
0.5657798
0.4681366
0.4219751
0.3820363
0.2447867
0.4141331
0.5877668
0.3373306
0.4861756
0.5265827
0.3949443
0.4543579
0.5095104
0.3541267
0.2355151
0.367348
0.3807171
0.3981595
0.296847
0.259384
0.2344127
0.3359866
0.3447202
0.3511831
0.3129205
0.188369
0.2356915
0.5566851
0.5302614
0.2818158
0.3628673
0.3944699
0.3481173
0.3807454
0.3239871
0.442189
0.5359654
0.4528901
0.3188264
0.3377855
0.4097687
0.3967866
0.2656165
0.4393699
0.371337
0.783198
0.5635141
0.5287086
0.6525429
0.4770927
0.426828
0.4709206
0.4612291
0.2903716
0.4386772
0.4386195
0.5924162
0.4969159
0.7217662
0.289858
0.2482558
0.3848804
0.3990317
0.2803968
0.3167859
0.3169354
0.2882783
0.3120779
0.3200088
0.2453505
0.3255952
0.3016289
0.3102099
0.2932705
0.2412169
0.3988299
0.5032246
0.5204362
0.5702595
0.4831436
0.3485012
0.3436624
0.3351679
0.39372
0.3775223
0.3150017
0.397941
0.4049758
0.3969693
0.459839
0.4181418
0.400808
0.3984707
0.420197
0.3576971
0.362714
0.6570413
0.3977451
0.367062
0.4006281
0.3426322
0.2660429
0.4570688
0.5433834
0.4962386
0.4374887
0.4297582
0.5014528
0.6409563
0.3645035
0.6384394
0.40837
0.3598689
0.4533885
0.7394164
0.6064939
0.5281732
0.4683006
0.3123313
0.3359737
0.6057104
0.5150942
0.348156
0.2758841
0.4180649
0.2415484
0.2935925
0.3176438
0.3629418
0.3430868
0.4880753
0.4430504
0.5511579
0.5313271
0.5333433
0.3792334
0.3170048
0.3465093
0.3204762
0.2301165
0.2865832
0.259357
0.4297941
0.4421112
0.4451584
0.4438981
0.4341787
0.5937182
0.2866341
0.2771489
0.2812965
0.3499561
0.4569793
0.2924092
0.4111321
0.2669003
0.4257109
0.5110594
0.5368086
0.4480254
0.593929
0.424086
0.4483253
0.4973331
0.3829804
0.3205781
0.4687754
0.307305
0.3171979
0.2784111
0.2518331
0.3473482
0.5517907
0.4679747
0.4266628
0.5085061
0.4266341
0.4132744
0.5647103
0.2802343
0.2938681
0.2161337
0.1888905
0.3789238
0.3965116
0.4614078
0.2510855
0.2569504
0.4625874
0.4590925
0.4477477
0.5500242
0.4410859
0.4323722
0.4770186
0.4206488
0.4767195
0.5143907
0.3573485
0.3828197
0.29167
0.1987871
0.2646997
0.3125061
0.3202596
0.4803945
0.5274132
0.314597
0.2891496
0.4371031
0.5272376
0.4708029
0.411913
0.2922044
0.4460897
0.3966701
0.4074787
0.5713037
0.6216035
0.4867747
0.4766872
0.3970796
0.3120288
0.2909191
0.261917
0.2556429
0.195796
0.3583186
0.4668335
0.3504469
0.3551791
0.3519574
0.32149
0.3657707
0.4937273
0.7731884
0.6134312
0.5445835
0.5218985
0.369052
0.2085613
0.3627579
0.2206572
0.3092532
0.3300238
0.2747884
0.2822833
0.4041991
0.4277773
0.4754768
0.3166365
0.3266266
0.3577561
0.3466556
0.4801673
0.5262411
0.4480572
0.5070825
0.4924326
0.4957217
0.452966
0.5623632
0.6841795
0.5808187
0.4016632
0.436084
0.2773356
0.2632564
0.1724264
0.1661595
0.1605311
0.1840266
0.2354779
0.2515324
0.2736393
0.2754194
0.3137312
0.3443161
0.4545628
0.2862811
0.3113515
0.5779819
0.3328512
0.2965584
0.4429901
0.3396747
0.3048678
0.2370043
0.3736651
0.3111288
0.3545712
0.3860259
0.5406046
0.5285096
0.5656794
0.46426
0.4419155
0.4728862
0.5838744
0.6067655
0.5473233
0.3982057
0.4320903
0.4034512
0.5717241
0.4124301
0.436134
0.2961227
0.2804684
0.3791285
0.2858611
0.3294833
0.4715683
0.4568979
0.3000453
0.2572843
0.373519
0.4798222
0.4780329
0.3581532
0.2940583
0.5082851
0.397929
0.5978833
0.6315987
0.4499722
0.5133396
0.2939563
0.3147936
0.3841647
0.4068475
0.809837
0.4560168
0.3759499
0.3255463
0.4627924
0.4248433
0.4240912
0.4012673
0.4563301
0.6518842
0.5593906
0.4690832
0.3203221
0.3820803
0.3670503
0.320098
0.4376255
0.5261611
0.3791827
0.3522021
0.372862
0.2459503
0.3891735
0.4047591
0.4521701
0.497856
0.5553964
0.4602279
0.343289
0.3788351
0.4537488
0.5088634
0.4547028
0.3238527
0.4656118
0.3577343
0.2533042
0.3255857
0.517142
0.2887182
0.2463264
0.3413902
0.3939169
0.3936098
0.5149272
0.2635387
0.2680847
0.2471229
0.3770189
0.2998684
0.3421087
0.5353949
0.5447348
0.4048114
0.5247415
0.497721
0.6308769
0.3314242
0.2770495
0.2628055
0.2624337
0.4174901
0.4150021
0.2749536
0.4748741
0.4867925
0.3392015
0.320122
0.28859
0.3502331
0.3372957
0.2821185
0.2379665
0.2543815
0.4058677
0.3953352
0.4630851
0.4966352
0.3948592
0.4364294
0.3075735
0.3984624
0.5136138
0.529952
0.4072178
0.3984646
0.3385752
0.3722512
0.2708177
0.4413403
0.3480348
0.2815199
0.6388383
0.3832522
0.4066052
0.5092822
0.498755
0.5474168
0.3998441
0.3935802
0.2751403
0.2615867
0.3689815
0.2904589
0.2121189
0.1810756
0.4472886
0.2636791
0.3581384
0.4202837
0.4577218
0.4619733
0.5301813
0.63639
0.4682003
0.416848
0.3504553
0.5824294
0.3109939
0.4889564
0.4550663
0.3148173
0.2487862
0.4365569
0.3354882
0.3318559
0.4616715
0.2326998
0.273966
0.5669434
0.5267042
0.3483788
0.3244996
0.4462146
0.3639959
0.4299494
0.5359204
0.2754555
0.2662767
0.3706405
0.4158242
0.3777813
0.3520832
0.3756968
0.3323904
0.4861663
0.4277676
0.8486655
0.4754244
0.3444017
0.2805484
0.3621781
0.3962431
0.3757148
0.5431461
0.3561083
0.5191572
0.458127
0.4513206
0.4576998
0.4395599
0.4587693
0.5228393
0.3112651
0.3945914
0.5071719
0.5161353
0.5702226
0.4486339
0.2976286
0.46559
0.4996903
0.542407
0.3353327
0.2779929
0.3603154
0.2731743
0.3802543
0.3329178
0.3363034
0.4708129
0.7307328
0.5316211
0.4990026
0.621539
0.3816908
0.3558922
0.4237029
0.4222133
0.5711398
0.4351251
0.4407932
0.4803892
0.4278607
0.3824805
0.5506291
0.5569165
0.5370735
0.6373779
0.5435019
0.4266813
0.3190132
0.212058
0.3177825
0.460894
0.3916253
0.3397002
0.3711815
0.2079077
0.216248
0.2585151
0.3003315
0.3037729
0.5343723
0.4514318
0.4027092
0.5078989
0.6010051
0.5153057
0.3856153
0.2955553
0.2616844
0.3688214
0.565333
0.3692311
0.505842
0.3421666
0.4769526
0.3350113
0.412466
0.3782114
0.4771585
0.4827433
0.3619965
0.4840901
0.4624779
0.411766
0.5109584
0.3907123
0.4794737
0.4276854
0.5370236
0.4866298
0.4098555
0.4936857
0.4652088
0.5383179
0.4157265
0.5563585
0.4115161
0.4132462
0.4493254
0.366804
0.1814352
0.2251368
0.2217699
0.2877381
0.3559597
0.4213492
0.5661112
0.3608703
0.3816912
0.6153744
0.5931842
0.465755
0.5188205
0.3042493
0.4363721
0.3025724
0.2962227
0.3076262
0.4422418
0.6968501
0.4149892
0.6264395
0.6035182
0.6018712
0.5067428
0.4571773
0.3696903
0.363619
0.232187
0.2679044
0.3331532
0.3652579
0.2780478
0.2575262
0.2273578
0.2046431
0.269661
0.4006293
0.2734426
0.2521702
0.2237348
0.314456
0.3608008
0.2391097
0.2882156
0.1733285
0.2495439
0.269081
0.5064037
0.5987572
0.4349842
0.2736538
0.3425876
0.5128101
0.4596841
0.4707193
0.5118444
0.6012532
0.4975215
0.3773422
0.5972535
0.364132
0.3807145
0.3453669
0.3288439
0.3887529
0.4037101
0.3908545
0.4902224
0.2535903
0.4436086
0.3368138
0.4936379
0.6645169
0.4470137
0.4025025
0.3187834
