-0.03285655
-0.08680637
-0.02351674
-0.03709977
-0.002499917
-0.04918535
-0.1046142
-0.1551044
-0.01128944
0.08505597
-0.1320177
-0.05311845
-0.04286051
-0.02404423
-0.07476669
-0.02823145
0.02650454
-0.005196178
-0.07533866
-0.05544785
-0.0219548
-0.008119669
0.003770349
-0.08478339
-0.005420534
-0.06418715
-0.1151875
-0.08270565
-0.0385018
-0.06403531
0.0112664
-0.05678666
0.0006765289
-0.04783415
-0.006637474
-0.01708545
-0.1103038
0.03602834
-0.06118521
0.004038063
0.05005821
-0.09060394
-0.03076012
-0.004326899
0.0137185
-0.07552178
0.00767951
0.03713803
-0.03683536
0.04746411
0.1225366
-0.07799018
-0.006322929
0.05818947
0.01054284
0.004821526
-0.02673796
-0.0853429
-0.08398506
-0.06469186
-0.02273704
-0.1951593
-0.04264842
0.05779299
-0.02205483
0.0006577701
-0.1275915
-0.02112973
-0.03149393
-0.02256757
-0.04663157
-0.01136088
-0.04356489
-0.03258988
-0.0881457
-0.04275789
-0.00378787
-0.03309249
0.009623913
-0.01477896
-0.1554569
-0.0279721
0.05313452
0.03893145
0.02836272
0.06925088
0.03189692
0.01032158
-0.02558258
-0.08569117
0.002263721
0.003377458
0.01806878
0.1291859
-0.1173826
-0.02365648
-0.05302514
-0.1061441
-0.06265647
-0.04725211
-0.009258833
-0.042071
-0.01737709
-0.01598624
-0.07052841
-0.03862808
0.135901
-0.07668461
0.015819
0.03722484
0.003536744
-0.1316575
0.0073793
0.01173337
-0.03616031
0.007034181
-0.05608614
-0.009765854
-0.03197328
-0.0233351
-0.06861078
-0.1039862
0.05458162
-0.03161442
0.04858725
-0.04390019
-0.04822688
0.03141112
-0.03352581
0.01522488
-0.01562713
-0.05951579
0.07699543
-0.02015749
0.02617225
0.07150892
-0.04654823
0.02328401
-0.004737135
0.04106218
-0.0513392
0.004344189
-0.1508388
0.07770007
-0.06328753
-0.01887197
0.002160507
0.0238302
-0.08556279
-0.01333865
-0.03861511
0.005035356
0.03509761
-0.08376633
-0.07327586
-0.05822645
-0.04236347
0.02174773
0.02396215
-0.05023752
-0.09266094
-0.04071981
-0.06791804
0.00166806
0.03059793
0.06866083
-0.04091035
-0.06024879
0.01763317
0.006556529
-0.05924199
0.006872485
-0.02181484
-0.01865916
0.1476482
-0.02434753
0.009075735
-0.01328986
-0.01624572
-0.07633795
0.03857439
0.009528334
0.02696317
0.01884985
-0.03926668
-0.04694291
-0.1082114
-0.04982257
-0.02049592
0.01965564
0.04408818
-0.03360966
-0.06225083
-0.1152214
-0.001403807
0.00251295
0.01841797
0.009876696
0.02574094
-0.03365874
0.006141942
0.08813526
0.04412733
-0.08204724
-0.1905079
-0.02381567
-0.07631369
-0.08697468
0.1259071
0.03062622
-0.1018131
0.04509099
-0.02508711
0.008716681
-0.01581215
-0.053783
0.05090693
0.003926692
0.007718306
-0.05849889
-0.06063882
-0.02364823
-0.006083081
-0.01390603
0.05460677
-0.02884718
-0.01091839
-0.05792573
0.06316958
-0.05857488
-0.07833726
-0.07357033
0.04123101
0.02698011
-0.06002051
-0.03464494
-0.002640044
-0.01828947
-0.01983105
-0.0273592
-0.08032555
-0.004781566
-0.1009148
-0.0262771
0.02907943
-0.0584006
0.09874381
-0.0980711
-0.1038356
-0.08671774
-0.007093801
-0.00903692
0.08601374
0.05021201
0.001707048
0.03448398
0.02397094
0.007899258
0.1253817
-0.04386423
-0.06851292
0.004573066
-0.00301134
-0.04025923
0.04586393
-0.009809617
-0.05200983
-0.09903481
-0.009263337
0.004964231
-0.0782627
-0.07739745
-0.09543679
-0.02557734
-0.02392166
0.0902976
0.006469718
-0.0212203
0.02423742
0.01711772
-0.008462128
0.00455589
-0.00358346
-0.03025418
0.0007124819
-0.1472358
0.003652919
-0.0004818726
-0.09098697
-0.1385968
-0.05018309
0.01076997
0.02053897
-0.008299188
-0.03904174
-0.01904578
-0.02455042
0.06791323
0.003586375
0.03441767
-0.05067567
-0.0217841
-0.0543104
0.01537402
-0.03363468
0.05558917
0.01933668
-0.0425681
-0.0214833
-0.02676054
-0.05449564
0.01746151
0.06467017
0.04194173
-0.009713025
-0.01260589
-0.02263025
0.0329651
0.08573123
0.1056186
-0.08048921
0.01472663
0.07570045
-0.06052774
-0.1098642
0.1027066
-0.1033513
-0.0425034
-0.1661635
-0.04100574
-0.06718399
-0.02472023
-0.03620668
-0.07090189
0.04225986
-0.04074384
0.04498908
0.03022487
-0.03788034
-0.00227124
-0.06733868
-0.1114058
-0.01079416
0.009670205
-0.0403604
-0.04507976
0.04608023
-0.020285
-0.007049916
-0.05105803
-0.08389556
-0.05223568
0.03818481
0.005921084
-0.0360006
0.0498873
-0.04806835
0.003278433
-0.006226589
-0.05911239
-0.09855921
-0.08094106
0.1008997
-0.03917942
-0.001504224
-0.02679164
-0.04146712
-0.01844358
0.03941619
0.0434998
-0.02727223
0.05566709
-0.1350975
-0.06666096
-0.00313538
-0.04844808
-0.005700534
-0.1298262
-0.05669465
-0.03625869
-0.09102387
-0.1005559
0.06644962
-0.03174802
-0.03891543
-0.007536884
-0.004881069
-0.009451237
-0.08376865
0.002465926
0.01251117
-0.02092902
0.02685457
0.004548747
-0.03147338
0.03806643
-0.01553374
0.03792914
0.008194798
-0.1078106
-0.07305817
0.1347511
0.1127228
-0.03915119
-0.002218204
-0.1084613
-0.01323833
-0.02762984
0.0262819
0.004317416
0.0783717
-0.0980933
-0.005129894
0.0486307
-0.08080091
-0.05818762
0.05505652
-0.09162021
-0.05367963
-0.01666646
0.02949655
-0.08825842
0.04514649
-0.0319777
-0.08067225
-0.07662362
0.05711412
0.01834502
-0.09509458
0.02379126
0.003728014
-0.01737353
0.01331047
-0.05293201
-0.01721327
-0.08605876
0.00605808
0.0573162
0.03914331
0.01745819
-0.09734104
-0.1088887
-0.08906706
-0.02990147
-0.05184501
-0.06723547
-0.0163721
-0.05060261
-0.01904224
-0.005869569
-0.02303866
-0.03374635
0.02291119
-0.08654831
0.02926075
-0.0276458
-0.02009533
-0.06394715
-0.131951
0.03354401
0.004122306
0.04897057
0.0494258
0.0820559
-0.1218227
-0.09669203
-0.01489736
0.08266424
0.01074312
-0.1229033
-0.08087701
-0.03473449
-0.0226497
0.02865956
-0.02819408
0.04165595
0.009631619
-0.1186824
-0.05607951
-0.0005352939
0.03037952
0.001725939
0.01294639
-0.02754524
0.02701195
-0.05964978
0.006311705
0.03397296
-0.06464236
-0.02706514
-0.006294931
-0.09909662
0.01672908
-0.03212528
0.02107558
-0.06930959
-0.03590997
-0.01000248
-0.06802183
-0.08074621
-0.04222922
0.02372899
0.03857198
0.007879103
0.002339699
0.01839253
0.04510208
0.06982538
-0.09715297
-0.0263478
-0.1024395
-0.09251229
-0.05945092
-0.02425885
-0.02948143
-0.01151652
-0.009079057
0.04030958
0.08183094
-0.06618518
0.05897477
-0.07041437
-0.006598346
0.04907383
0.000477126
0.01077567
-0.002486656
-0.06344177
0.02472065
-0.01032414
-0.0332406
0.01700983
-0.06653246
0.08572193
-0.05575827
-0.05888732
-0.07306262
-0.003069877
0.006535004
0.000145387
-0.02640275
0.03954824
-0.04527201
0.005461619
0.09058742
-0.05353316
0.009612115
-0.02296321
0.01942419
-0.0647196
-0.06417591
0.0371346
0.02337477
-0.01142789
-0.06238722
0.0324384
-0.07827656
0.0543974
-0.03577869
-0.04015807
-0.000668051
-0.02959187
-0.02417959
-0.05538642
-0.02136106
-0.04585347
-0.07898308
-0.1183032
-0.08467687
-7.886585e-06
-0.1685132
-0.08885352
0.01492185
-0.08548965
0.06779724
-0.09083469
-0.1504031
-0.01909872
0.01010532
0.05113969
0.01690226
-0.007156426
0.01989303
-0.0860879
0.04188398
-0.08982743
-0.09920326
-0.08047595
0.08429716
-0.02202983
0.0209433
-0.06412855
-0.01058654
0.1058529
-0.08183698
0.05031989
-0.06109197
-0.04777849
-0.01594017
-0.1414468
-0.02565793
-0.06863779
0.003240436
-0.0356778
-0.1077684
-0.05768508
-0.05259202
0.05845623
-0.1117008
-0.08630211
0.05613743
-0.02740795
-0.02232589
-0.03832432
-0.102299
-0.04632616
-0.07866452
-0.01392176
-0.01905154
0.09397677
0.05976424
0.03666966
-0.01577502
-7.717194e-05
-0.07724441
0.07376536
-0.04985785
0.03120917
-0.04437776
-0.1037596
-0.02723084
0.1092891
-0.04528023
0.07411885
-0.04268629
-0.1134214
0.05848349
-0.1117199
-0.1292248
-0.1239824
-0.06652344
0.009964806
-0.07123697
-0.03795834
0.01202861
-0.08952653
-0.005580545
0.03467976
-0.0232134
0.02468117
-0.0539714
-0.03978417
0.00352706
-0.05864243
-0.07619082
-0.006591674
-0.07968744
0.006890023
-0.0304273
0.07890708
0.04355308
0.0831175
0.04474057
0.04268822
0.05896014
-0.07438989
0.04262652
0.029971
-0.04247469
0.01250093
-0.1304972
0.01063619
-0.05005803
-0.04279114
-0.04306759
-0.09063326
-0.02763131
0.004558902
-0.1417744
-0.02694823
0.003359272
-0.03317525
0.005884966
-0.05181222
-0.0211078
0.03125313
-0.09652525
0.01458003
-0.03529664
-0.006246822
-0.05301298
-0.09577366
0.004777349
-0.06678257
-0.07822964
-0.04657198
0.007447859
0.04792744
-0.0002395364
0.009477971
-0.04600959
0.02315219
0.01578627
0.07887228
-0.01520938
0.03945026
-0.06849142
-0.04576616
-0.05111667
-0.04207184
-0.0491075
0.04349534
-0.05832049
-0.07552333
-0.02755813
0.01130149
-0.02213501
0.04421007
-0.01006681
-0.02135949
-0.1404988
-0.008897836
-0.01908505
0.05613155
-0.0219133
0.0326194
-0.05247123
0.1312886
-0.04009737
-0.04376535
-0.08992421
0.03247322
0.0310962
-0.009171094
-0.007285853
0.0824763
0.02410047
-0.05787814
-0.0005037637
-0.01112683
-0.05088338
-0.1118896
0.01616197
-0.1296294
0.007865232
-0.006916725
-0.002926722
-0.08255014
-0.004266681
-0.05736139
-0.03062476
-0.02903749
0.01483214
-0.01260913
0.04686165
-0.1097639
-0.02476497
0.03398737
-0.004782247
-0.08338902
-0.03543461
-0.06274656
0.02710842
-0.1086128
0.07368407
0.02434652
-0.01761434
-0.03011352
0.06723663
-0.05806417
-0.03425192
0.04052739
0.07845641
-0.001049679
-0.03247815
-0.01331383
-0.03141193
-0.01271328
-0.027275
0.0187569
0.08732955
-0.06817692
0.0224824
-0.0343969
-0.08896172
-0.01950079
-0.04695766
-0.03261364
-0.03996919
0.02834601
-0.01022701
-0.05859036
-0.09049242
0.05443323
0.02362647
0.01439843
0.01451637
-0.01310166
-0.06056028
-0.1512825
0.08464971
0.05569506
-0.04775938
-0.09964833
0.0649258
-0.06220417
-0.006986814
0.02933304
-0.02883435
0.06785976
-0.1237007
-0.0754626
-0.03484139
-0.06168863
0.02942356
0.005619438
-0.07659603
0.0647799
-0.02083523
-0.04055325
-0.03609366
0.01474961
0.01410349
-0.08779489
0.1410267
-0.08214247
0.03320682
-0.03601086
-0.03081937
-0.06001796
-0.01164202
0.03824308
-0.1297255
0.09120296
-0.04109633
0.03635781
0.01456776
-0.05777764
-0.02127202
-0.005607954
0.02485153
0.1249148
-0.05502086
-0.02621134
0.01662053
0.05461165
0.0383161
0.03986428
-0.04645315
0.006177145
0.0004074875
0.000647504
-0.02596418
-0.06512754
-0.02572243
-0.01721504
-0.08918316
0.1081829
0.01695685
-0.03639439
0.06638003
-0.05529112
-0.09178454
0.0100867
0.002963673
-0.06464246
0.02978769
0.01964439
0.09346351
0.119239
-0.05546714
0.03522535
0.01416682
-0.05922855
-0.04985971
-0.03958382
-0.03444722
-0.06677063
0.04120573
-0.01497875
0.02119535
-0.04037457
-0.072964
-0.03533282
-0.01607507
-0.05568115
-0.004590308
-0.0798953
-0.03348476
-0.0609173
0.04030471
-0.006827117
-0.06835545
-0.02652997
-0.04317026
-0.03879604
-0.07910466
-0.0523167
-0.05261074
0.05308138
-0.06873334
0.05495925
-0.02180103
0.04011118
0.001866278
0.004424923
-0.02498276
0.00820054
-0.03661421
-0.06774883
0.03760979
-0.1099553
-0.01008484
-0.0548379
-0.04740578
-0.02735941
-0.0383152
-0.1278273
-0.0276705
-0.09270858
0.04924961
0.1056136
0.03181338
-0.04155785
-0.1303952
0.04316892
-0.04584333
-0.03449297
-0.0351632
0.0124819
0.008198701
0.02521296
0.05052796
0.01665603
0.004295808
0.004997434
0.09011118
0.08993812
-0.0004885139
-0.005512333
-0.04630698
-0.01639562
-0.1804918
-0.03070234
-0.08757835
0.1050733
-0.06817611
-0.008249602
0.04748082
0.0160575
0.04105377
-0.01692301
-0.08471241
-0.001302507
0.01636615
-0.08624103
0.003258004
0.0338786
-0.05195746
-0.006376686
0.01116611
-0.08577921
-0.06498431
0.04792796
-0.02434183
-0.04523527
-0.008615781
0.02516647
-0.0006642813
-0.04958478
-0.005511652
-0.03039756
0.02958188
0.01285631
-0.04909322
-0.05249967
0.005494677
-0.07490425
-0.1104282
-0.1501492
-0.00423287
-0.04533114
-0.009704071
0.00464608
-0.03557639
0.01090657
0.01015592
0.01579438
-0.04458313
-0.05803709
-0.04366891
-0.02587983
-0.00958485
-0.09107753
-0.02495228
-0.09467453
0.03884783
0.007404311
-0.03978624
-0.007819042
0.039184
-0.008112571
-0.06598867
0.0546871
-0.04578966
-0.04314828
-0.09651174
-0.04341039
-0.02239109
0.09065055
-0.04670317
0.03692252
-0.02632676
0.03387521
-0.1146762
-0.0183331
-0.03660603
0.06479799
0.0466614
0.05841404
-0.01852928
-0.009963348
0.03884859
-0.1017303
-0.0304253
-0.04026079
-0.01407418
-0.04825094
-0.08638453
0.0098218
-0.03984193
0.01002331
-0.01017408
-0.02769976
0.04057353
-0.1008553
-0.1037814
-0.1411077
-0.02157111
-0.1152909
-0.03008467
-0.1239348
-0.09257973
-0.008909261
-0.04018624
-0.05133069
-0.07756445
-0.08236176
-0.04854568
-0.08019489
0.07277876
-0.03548404
0.006733971
-0.05826988
0.01284319
0.01158317
-0.02521026
0.01082679
0.02115649
-0.103868
0.04062462
0.07170517
0.05534974
-0.03366381
-0.01892997
-0.02515382
0.0564625
-0.01173421
-0.03848625
0.0224043
-0.02662396
-0.1114134
-0.007964201
0.08214406
0.01801385
-0.09579895
0.04537822
-0.05350609
-0.07674049
-0.08568665
-0.04500315
0.018142
-0.02552105
-0.03791937
-0.05624425
-0.01158347
-0.01189399
0.03803313
0.03723723
0.04468986
0.04032153
-0.03755299
0.02751589
-0.1348917
0.04776534
-0.01776993
0.05914473
0.05328203
-0.09309574
0.01339003
-0.008799464
0.05756297
0.01215639
-0.04784446
-0.08937179
-0.05979204
-0.03889734
-0.06263921
0.03488683
-0.05845129
0.01026172
-0.05577778
-0.1235332
-0.03761926
-0.1144991
0.06329896
-0.08328348
-0.0396148
0.05822284
-0.06573067
0.05126935
0.05674437
0.01495712
0.0152877
-0.07884371
0.05866626
-0.02462509
0.01379821
-0.0618556
-0.1086404
-0.118728
0.1020331
0.1196804
0.06406289
-0.06397746
-0.01310375
-0.07184166
-0.1300007
-0.05722643
-0.00155565
0.04413357
-0.008731959
-0.00113281
0.04100794
-0.1029487
-0.08700632
0.006116718
0.06605711
0.09771665
-0.06926489
-0.03172813
-0.05543441
-0.01495602
0.03020666
-0.03980417
0.001290377
-0.0419667
-0.01453827
-0.06483219
-0.06196267
0.01402867
-0.05180107
0.003133102
-0.03527296
0.01654381
-0.01133032
-0.06804439
0.06251625
-0.05798042
0.07802917
0.002226569
-0.006171439
0.007251373
-0.05044021
-0.02333776
-0.08906278
0.04115759
-0.03518182
-0.01192345
-0.003031062
-0.1466869
-0.04661778
-0.00932981
-0.06753312
-0.02974123
-0.1273644
0.03562668
-0.01052189
-0.03057741
0.1086276
0.03104156
-0.03341123
0.01958862
-0.05628107
-0.1124329
-0.04515781
-0.06308742
0.1204257
-0.03758944
0.1222568
0.1173302
-0.05466559
-0.03003273
-0.1081585
-0.04264957
0.02822766
-0.01255272
0.003321348
-0.06413835
0.03949217
-0.02651341
-0.04028896
-0.03392585
0.02507218
-0.02272736
-0.04476466
-0.07625553
0.0197709
-0.08601746
-0.02887645
-0.02384747
-0.1190679
-0.04085312
0.1114227
-0.06023599
-0.05943659
-0.1668054
-0.02876264
0.07006978
-0.09221076
0.01839083
0.04768262
0.002017395
0.09712852
-0.04528888
-0.04257029
0.01190553
0.09782288
0.03388778
-0.09465694
-0.05669512
-0.04912043
-0.03213884
-0.06066441
-0.04876921
0.05432179
0.003412577
-0.06261519
-0.06853164
0.01902977
0.1162016
0.039301
0.03423673
0.03761831
-0.1071979
-0.05369126
-0.0464126
-0.08804003
-0.035089
-0.1245538
-0.02954064
0.05041425
-0.02962731
-0.007764158
0.0622169
0.003650953
0.0457907
0.03943369
0.03583759
0.04170902
-0.01126497
-0.02814151
0.009823095
0.01543749
-0.1193461
0.0006082338
0.005357306
-0.03552634
-0.08270765
-0.1035279
0.008985123
0.02561141
-0.05853467
-0.04119243
-0.04944147
-0.07277637
0.01009357
-0.04514542
-0.0255188
0.01408647
-0.01184908
0.06117384
-0.06053097
-0.06295089
-0.02175573
-0.03937161
0.06731594
0.01581561
-0.06436827
0.02646087
0.01339514
0.0003515558
-0.02035115
0.01224554
0.07817052
-0.09324976
-0.006961127
-0.01029598
0.03148742
0.05068786
-0.08394289
-0.01951236
-0.07134326
0.02503241
-0.03538981
0.01789284
0.06074914
-0.04586303
0.04501352
-0.08143112
-0.07391643
-0.04590485
-0.01396777
-0.09235522
-0.04999085
-0.036255
-0.0353999
-0.04099771
-0.005764882
-0.05420826
0.004314188
0.003505337
0.004113882
-0.0851481
0.00319273
-0.03331253
-0.04775525
0.04833859
-0.09914038
-0.09103993
-0.09207831
-0.06535202
-0.01179334
0.01035407
-0.01224584
-0.01634134
0.00470157
0.06714812
0.01749183
-0.05269548
-0.08246454
0.05686232
-0.09769923
0.01328638
-0.02358819
-0.006761906
-0.1077319
-0.02769669
0.0442125
0.0543764
-0.1389739
-0.006577331
-0.005250857
0.0540872
-0.1654524
-0.05052474
-0.06759727
-0.1199711
-0.02107847
-0.06223239
0.1151364
-0.122536
-0.120475
-0.04852767
0.05619533
-0.0926447
-0.02541771
0.07855547
-0.005568743
0.06141009
-0.07539223
-0.005785287
-0.05704713
-0.07212342
-0.1290643
-0.006822917
0.0655522
-0.011053
-0.06916025
0.01266338
-0.07050793
0.03804803
-0.01825756
-0.1056611
0.0337608
-0.01919412
-0.01038843
-0.04054063
-0.0400594
-0.05911146
-0.03241497
0.0557616
0.05168284
0.00320269
-0.00437469
-0.02950366
0.01633408
-0.0001161031
-0.06606353
0.002413425
-0.008270338
0.06752908
-0.03636184
-0.005558363
0.1026687
0.007369288
-0.06698361
0.06471375
-0.02501488
-0.08386055
-0.04012162
0.002506898
-0.07997555
-0.008507337
-0.01575202
0.01788901
-0.05297141
0.0131044
-0.05015841
0.009631799
0.01856835
-0.08752551
0.02820278
0.0007777747
-0.03804216
0.008749545
0.06776183
-0.03810176
0.05334644
-0.0372821
-0.0002316049
-0.01742657
0.007352619
-0.04872746
-0.03602312
0.008699876
0.03952335
0.02224033
-0.05093777
-0.05800492
-0.04512836
0.01557701
-0.0165284
-0.01271886
0.04106418
0.01284224
0.03186721
-0.06321997
-0.02436318
-0.03410207
-0.07285404
-0.05673869
-0.01233009
-0.1149458
0.05174722
0.05488972
-0.03636368
0.01123142
-0.07641965
-0.06389484
0.006074933
-0.06575755
-0.01727018
0.08157195
-0.07481742
0.01348549
0.01708111
-0.01396692
-0.0148119
0.01652549
-0.0871997
0.009585261
-0.1503648
0.006715947
-0.005310872
-0.08682003
0.02599582
-0.002240931
-0.07546507
-0.08019046
0.1042811
-0.007950586
0.03819843
0.0134117
-0.08104633
0.0195834
-0.1399297
0.01065352
-0.047379
0.06530324
-0.03091912
-0.07913836
-0.06682521
-0.05380175
-0.01496146
-0.06021163
-0.02396681
-0.02127366
-0.01068494
0.01470677
-0.0148882
-0.008179752
-0.01149956
-0.01016515
-0.01636449
-0.1310881
-0.01875464
-0.01737567
-0.04860153
-0.05463304
-0.1522607
-0.02155385
-0.1158132
-0.131238
0.02707909
-0.1076807
0.004556515
-0.05659183
-0.07848961
-0.004633663
0.02783533
-0.0574372
-0.03348982
0.02725037
0.05007736
-0.007122752
-0.1149992
-0.09320861
-0.03348714
-0.1019466
0.09550463
-0.06658572
-0.05588041
-0.06701463
-0.01815515
0.06755276
0.05152539
0.05217767
-0.05578759
-0.08914542
0.04423385
-0.06629454
-0.03411093
-0.05821202
0.05337743
-0.04066495
-0.01638441
0.1145009
-0.0668793
-0.0171707
-0.06344778
0.04487525
-0.03827477
0.005012403
-0.02040381
-0.00382468
0.004137235
-0.03111299
-0.04669495
-0.005257426
-0.02080513
-0.05423863
-0.03098203
0.07608361
-0.02995434
-0.02772641
-0.05520121
-0.06709981
-0.03604664
-0.009814812
0.0162909
-0.01624159
0.0318514
-0.09119424
0.04173751
-0.04164738
0.05513754
-0.002567664
-0.07420149
-0.0522401
0.08659282
-0.1336975
-0.1265974
-0.02375767
-0.006941052
-0.1302542
-0.03719148
-0.03381985
0.06898653
0.0131642
-0.09582078
-0.1058072
-0.1225967
-0.01996554
0.006194641
0.001906976
-0.0447735
-0.1536019
0.04830968
0.003063545
-0.03680071
0.07694463
0.0178819
-0.0004833925
-0.07548978
-0.03911413
-0.04614471
-0.08020417
-0.06335705
-0.01029582
-0.02230938
0.004690203
-0.1550631
-0.02094043
-0.06573535
-0.01480774
-0.005673151
-0.01516239
0.009054897
-0.02377916
0.05260347
0.07649676
-0.02698466
-0.01032772
-0.03216815
0.09042724
0.07827387
-0.05540512
-0.0362065
0.035716
0.002373189
0.004623554
-0.08365501
-0.0189848
-0.08569654
-0.008324617
0.06607203
-0.01494621
-0.02500505
-0.0253784
-0.07784549
-0.01119399
0.05098761
-0.068659
-0.1073236
-0.09171831
0.02741809
0.03075089
-0.01807576
0.07596734
-0.04567027
-0.04384446
-0.0525023
0.01036765
-0.0352834
-0.002895155
-0.040329
-0.05526371
-0.02036398
-0.06398432
0.05264095
-0.0004940086
0.06157524
-0.003733033
0.02134014
0.100671
-0.0720496
0.05505098
0.0007613671
-0.04447155
-0.01247524
0.02318418
-0.05352353
-0.005482758
-0.001988749
-0.0591518
0.06670717
-0.0638117
-0.08975061
-0.07587547
-0.02371693
-0.1206441
0.05168239
0.006730087
0.007148803
-0.0115767
-0.05501988
0.05155541
-0.07260765
0.07138273
0.03759851
-0.09219197
-0.06657446
-0.006126827
-0.01822032
-0.120153
-0.09924919
-0.01990273
-0.03006669
-0.03173591
-0.0080305
-0.05143125
0.06791787
0.006552179
0.06506718
0.02545672
0.09420286
-0.0016714
0.004478107
-0.08680453
-0.02145659
-0.07547856
-0.009933779
-0.05729384
0.05234262
-0.02593691
0.002654627
0.04751206
-0.09749851
0.03762565
-0.06980057
0.03529305
-0.08597044
-0.004217817
-0.03554657
-0.06271014
-0.03989956
-0.0001439658
-0.1067203
-0.04755175
-0.08279343
-0.1542894
0.07611769
-0.04646337
-0.03901891
-0.06421473
0.007195262
-0.08765233
0.03506947
-0.02836045
-0.03014842
0.04638674
0.006600546
-0.06777792
0.02360458
0.0004763249
0.01678912
-0.1135158
-0.03828662
0.01383716
-0.003854974
-0.03832143
0.05745081
-0.006357315
-0.1127658
-0.1022325
0.06084185
0.004417413
0.04126451
-0.1103771
0.06114385
-0.1172565
-0.05629993
-0.009773066
-0.07951646
-0.1019148
-0.0763264
-0.03048927
-0.01622803
-0.008244339
0.04990295
-0.1305491
-0.1135269
0.0296494
0.05739161
-0.07535496
-0.02319407
-0.04269568
-0.1106137
-0.04491505
0.01230003
-0.06191769
0.0115842
-0.00467983
-0.115139
0.03707051
-0.07858394
-0.05785533
0.08375556
0.006488959
0.01396334
-0.1255783
0.0550924
0.03876013
0.01721171
0.06579955
-0.02816896
-0.02808708
-0.08689857
-0.08688819
-0.003720771
-0.03238547
0.03041498
-0.06497334
0.02089762
-0.03273301
-0.07702506
-0.07925323
-0.01807824
0.06687156
0.03964377
-0.06141096
-0.04035336
-0.03888769
0.007008635
-0.01077031
-0.01469324
-0.04510532
-0.06120091
0.007013058
-0.04888935
0.02266245
0.01515829
0.0781396
-0.08683153
-0.01303613
-0.1062127
-0.02619971
0.04183196
-0.06152727
-0.04472688
-0.02118734
0.004392494
-0.08961008
0.02533133
-0.03752194
-0.023339
0.00669014
-0.003991603
0.0447578
-0.07604475
-0.01570136
0.02355204
-0.04498996
0.03935513
-0.01993335
0.05761334
-0.001687526
0.1189648
0.05202378
-0.03239333
-0.08181088
-0.112377
0.02334552
-0.03264327
0.08199571
-0.02818976
-0.03813696
0.01124451
0.03132338
-0.1035525
0.01812535
-0.01145919
-0.0829977
0.0003135099
-0.08591418
-0.07598718
0.01417257
-0.1300674
0.01915936
-0.09518577
-0.0479168
-0.04786333
-0.08900797
0.003192995
-0.03665288
-0.08036484
-0.06786122
0.04651447
-0.0557246
-0.08090355
-0.07836419
-0.0881904
0.01592165
-0.02646754
-0.02962212
-0.02541769
-0.1000827
-0.002388236
0.03631202
0.01099746
-0.0566057
0.005269974
0.04077582
-0.1007719
-0.04196559
-0.06702153
-0.1405306
0.0164308
-0.1310083
-0.08599383
0.03192526
0.0576062
-0.09762237
-0.002018619
0.02772666
0.04429139
-0.06904995
-0.06248807
-0.009337506
-0.06183407
-0.09146098
-0.115753
-0.03805016
-0.03521189
0.1546341
0.02094354
0.05143258
-0.03047251
-0.06757505
0.05492685
-0.07604596
-0.02101966
-0.06490059
0.02738886
-0.09880395
0.006918258
-0.02272356
-0.002488783
0.01724294
-0.1754793
-0.07363733
-0.01613775
-0.1543658
0.004578687
0.09359858
0.02125655
-0.01222774
0.004551513
-0.008300123
-0.0112385
-0.107052
-0.02201442
-0.02822992
0.03419214
-0.02286011
0.005740396
-0.004300549
-0.04054423
-0.03914997
-0.1128255
0.02743562
-0.01771634
0.03235609
0.04490954
-0.0278088
-0.06568642
-0.07530727
-0.01727218
0.0851644
0.006668384
0.009047492
0.00013532
-0.03964064
-0.04279344
0.1123282
0.06111442
-0.2053514
0.03165738
-0.1748598
0.05368626
-0.0394557
-0.07543861
-0.1325022
-0.09038532
0.05153991
-0.1331015
0.06168976
-0.009682198
-0.1006248
-0.08642568
-0.06631801
0.002582666
-0.01293632
0.03566176
-0.1260983
-0.1237178
-0.02789095
-0.03433243
0.001258413
