0.3559784
0.3472419
0.28929
0.4262325
0.2900181
0.3747874
0.539593
0.4299257
0.2740422
0.3187225
0.4442953
0.4362596
0.4553717
0.3909453
0.3421154
0.4495613
0.5633074
0.4530257
0.54368
0.3983903
0.6203646
0.3655654
0.3670415
0.3371055
0.2499685
0.3463272
0.3658067
0.3369636
0.3366481
0.3918945
0.4178087
0.4146142
0.3269077
0.3945833
0.3671611
0.4942593
0.4104894
0.3291425
0.5567812
0.4689558
0.3516858
0.4291312
0.3333585
0.4292749
0.389712
0.4250613
0.288578
0.4290222
0.3727491
0.3446188
0.4656391
0.3148174
0.3808701
0.3503429
0.2926204
0.3494953
0.351128
0.3079919
0.3749984
0.3671269
0.3780739
0.4381947
0.3526312
0.4428307
0.3256179
0.2985965
0.4395913
0.3684207
0.3156888
0.3112276
0.3615977
0.3249082
0.4716551
0.4315696
0.3381312
0.4128337
0.3698239
0.3735242
0.3212451
0.4457885
0.3449428
0.3985064
0.3584846
0.4749799
0.4347415
0.3220263
0.5739587
0.3319351
0.3699842
0.3858698
0.2518
0.2545486
0.3377188
0.4353404
0.3340229
0.3513538
0.3311264
0.4578824
0.3546649
0.4203448
0.3328844
0.3633099
0.3625432
0.4277672
0.3295639
0.3597033
0.3860479
0.4071805
0.440418
0.4624508
0.3195801
0.4229798
0.561372
0.4714073
0.3233633
0.4389678
0.4695597
0.4890561
0.3818981
0.3625476
0.311688
0.1851324
0.2863378
0.3931988
0.3158575
0.5167562
0.4987896
0.3486661
0.3337362
0.43658
0.4957952
0.4756924
0.3463061
0.3295472
0.432156
0.4028622
0.2791022
0.2984631
0.5841634
0.3525145
0.4271712
0.4657837
0.3728025
0.3111277
0.288907
0.484578
0.4618412
0.2546937
0.345206
0.3495553
0.2449125
0.3294006
0.3794976
0.370169
0.3860111
0.3280489
0.4233078
0.3581673
0.3312969
0.4892156
0.4356905
0.4839263
0.3122509
0.431277
0.3939923
0.4317409
0.3986882
0.4297707
0.5141344
0.3088149
0.3646814
0.3144677
0.4700483
0.341066
0.3464848
0.3974431
0.2782672
0.4095192
0.3371495
0.3704162
0.360076
0.2403698
0.3270363
0.3487258
0.2554792
0.3304797
0.2847688
0.435516
0.371821
0.4616436
0.3628177
0.4454738
0.4010934
0.4349143
0.4334378
0.4040467
0.4350426
0.3711394
0.3952985
0.3812293
0.5643045
0.4216418
0.3572593
0.4441214
0.4189392
0.4523633
0.2860972
0.4495924
0.5058887
0.4596696
0.4542713
0.4027333
0.4206133
0.5569122
0.3423906
0.3735746
0.3467406
0.3836772
0.3635728
0.3484934
0.3092955
0.3296035
0.4505517
0.3997748
0.3451538
0.4760853
0.4064912
0.4198825
0.4316181
0.4244671
0.4217549
0.4512263
0.3271439
0.2950863
0.4147461
0.261852
0.3411657
0.3061531
0.4125642
0.4834068
0.3718342
0.3433617
0.379172
0.3712029
0.4077091
0.5614619
0.4711004
0.5992953
0.3644158
0.3925111
0.513722
0.5286521
0.4032246
0.4848123
0.3940882
0.3688483
0.3396488
0.3690974
0.4968431
0.3807317
0.4844987
0.3749126
0.3837572
0.4055013
0.4200405
0.4324244
0.3391255
0.3826416
0.3730678
0.2774904
0.3974923
0.3644622
0.3968416
0.3524208
0.3807791
0.3711416
0.297015
0.3228255
0.3014747
0.3406168
0.3365232
0.3799608
0.3066753
0.3966731
0.3315247
0.3353481
0.3809046
0.4342421
0.4438006
0.4435406
0.3953358
0.3440608
0.3736103
0.4065403
0.2655697
0.3208892
0.2990514
0.3178601
0.2922941
0.4251602
0.4105902
0.3624558
0.3405995
0.4550631
0.5236166
0.4665972
0.394509
0.4158716
0.4356193
0.4153795
0.3666996
0.3895777
0.574024
0.4326331
0.4550934
0.3609265
0.3080273
0.4108726
0.4091742
0.5085017
0.3727453
0.432943
0.3629218
0.4974327
0.4058934
0.3577682
0.3819291
0.3358872
0.3284386
0.3462963
0.3484613
0.3836916
0.3576744
0.2987078
0.3168778
0.4628019
0.4746465
0.4659834
0.4259303
0.3720883
0.3822109
0.4127013
0.3907025
0.3767477
0.3672848
0.3827431
0.2545918
0.3770871
0.365433
0.3797758
0.3843993
0.5065396
0.3803869
0.4606826
0.4662557
0.3163545
0.3934807
0.3302833
0.2959958
0.2276106
0.1829182
0.3219869
0.3171602
0.334256
0.357204
0.4725914
0.4673727
0.4068824
0.4691041
0.4276475
0.3954723
0.4222377
0.3863556
0.3984004
0.2781851
0.3048318
0.3903827
0.3695471
0.3364242
0.2769827
0.3224511
0.371531
0.318435
0.3653889
0.4297798
0.4180998
0.4306663
0.3685145
0.3866658
0.3660998
0.4276743
0.4421331
0.4643333
0.3911372
0.3501186
0.4191
0.3684134
0.45491
0.3851902
0.3869752
0.3022807
0.4090691
0.4173851
0.3896297
0.4946169
0.332242
0.4312756
0.3438266
0.3648862
0.4111182
0.4221206
0.4334806
0.3919493
0.3968728
0.4284909
0.3918137
0.4783025
0.3686079
0.4621748
0.5086541
0.4271964
0.2636259
0.3544261
0.3464333
0.3885411
0.3911791
0.4103586
0.3764546
0.3472109
0.3962455
0.3053129
0.3413285
0.3100507
0.3904342
0.3667059
0.3288229
0.3022709
0.3767987
0.3900518
0.3428363
0.3744645
0.3014328
0.3326961
0.4673526
0.3801947
0.4366961
0.3472686
0.4262574
0.3592576
0.4013601
0.3703938
0.356237
0.3840041
0.4388239
0.3881689
0.3135725
0.3137843
0.4730781
0.4515637
0.3767907
0.2471457
0.3355562
0.3964304
0.3397379
0.4227304
0.4902012
0.4357923
0.5400715
0.3500147
0.3507044
0.4946347
0.5173596
0.2960647
0.3521018
0.3258849
0.3070556
0.3664973
0.4347146
0.3970516
0.3967707
0.3984814
0.3711356
0.5224341
0.3861778
0.3438984
0.3248452
0.3928055
0.3597887
0.4623614
0.4076057
0.4219591
0.3041365
0.3371884
0.244366
0.3213299
0.2621388
0.4504041
0.4955334
0.3002181
0.4434884
0.3623327
0.4292629
0.2565091
0.3343596
0.3257962
0.4170902
0.4824847
0.5188086
0.4583683
0.2774795
0.3980836
0.4995798
0.2915365
0.4075714
0.3698241
0.3984893
0.4026088
0.4496398
0.4314443
0.4462091
0.4223911
0.369596
0.360069
0.32601
0.3628706
0.3289977
0.548858
0.530371
0.4399662
0.4122266
0.3130043
0.3244817
0.4359011
0.3445663
0.4299635
0.3005635
0.3733413
0.4049946
0.3249992
0.3752323
0.3087095
0.4432649
0.3558196
0.3176167
0.3829021
0.3648893
0.3199845
0.343366
0.41225
0.3312588
0.3628651
0.3781491
0.4270255
0.409097
0.4512171
0.4600485
0.4118231
0.3223877
0.4084404
0.2506537
0.2382124
0.2550695
0.2757579
0.4071678
0.1764806
0.1974719
0.1903347
0.3074051
0.3408742
0.2933443
0.3884848
0.4807204
0.3787054
0.383488
0.3845047
0.3661235
0.3261681
0.4175617
0.4203216
0.3789611
0.3261302
0.3310726
0.4774935
0.4736165
0.3114401
0.3272597
0.435639
0.3586026
0.4227505
0.4515841
0.4108291
0.5210051
0.4438726
0.4157528
0.3421311
0.4501593
0.2928046
0.2973147
0.3940974
0.424598
0.290626
0.4587792
0.440337
0.3904362
0.3761125
0.4609171
0.5787763
0.435812
0.4941321
0.2947002
0.4632712
0.4310257
0.4043514
0.3938983
0.3351628
0.3489938
0.4716527
0.4903944
0.3807104
0.4519448
0.4096706
0.3475265
0.3204007
0.3887649
0.4307194
0.4846068
0.3531567
0.353429
0.3392329
0.3720356
0.3383278
0.2906313
0.4338958
0.2578283
0.386481
0.4495328
0.3784216
0.4270103
0.460012
0.4873295
0.4116118
0.4646631
0.4188336
0.4293845
0.4474404
0.5562189
0.4513157
0.2963071
0.4578632
0.3427284
0.460968
0.3067628
0.380247
0.3480156
0.438038
0.4466896
0.3190602
0.4130414
0.4468899
0.3825459
0.348489
0.3615069
0.4646115
0.4598571
0.3663461
0.4531104
0.4679533
0.4085099
0.4120902
0.3958893
0.5279236
0.4396008
0.4543536
0.3681732
0.322007
0.333133
0.4698952
0.5101892
0.385068
0.4624578
0.3837681
0.5211319
0.3250119
0.474382
0.399866
0.3287574
0.4205044
0.3500144
0.4256695
0.4139961
0.4129557
0.3565084
0.3882018
0.3993262
0.4477089
0.3311476
0.3188383
0.3182102
0.3142552
0.4206485
0.2811043
0.3382403
0.3672105
0.3528784
0.4225224
0.5827755
0.4117536
0.3311817
0.3403412
0.4035777
0.4410495
0.3582188
0.3219005
0.3375553
0.3580146
0.4135659
0.3527745
0.35435
0.319886
0.317189
0.4381655
0.3969865
0.4422631
0.3059123
0.3862552
0.4592844
0.3101735
0.3787241
0.3125712
0.3670209
0.3000695
0.3463025
0.3794392
0.4727734
0.4000312
0.429675
0.3882809
0.3661468
0.5072569
0.340877
0.4598239
0.4101748
0.3030561
0.259786
0.3932197
0.3459356
0.3388506
0.4575931
0.3212824
0.4828639
0.4646142
0.4158618
0.3292561
0.4471665
0.3108416
0.3417511
0.3189646
0.2553319
0.2330058
0.3540329
0.4615935
0.4405368
0.5485173
0.4334141
0.4434042
0.3088735
0.4747937
0.4729067
0.405516
0.3842138
0.3666974
0.3284448
0.3979683
0.3407746
0.325604
0.488361
0.4101598
0.4054112
0.3786419
0.3981117
0.4520939
0.3623899
0.3308969
0.3544126
0.3806227
0.4118732
0.3989733
0.367452
0.4215392
0.3533889
0.3772354
0.5725185
0.3249667
0.4097162
0.4634894
0.3738062
0.5119227
0.3137243
0.2507372
0.263432
0.3862361
0.4134252
0.4372981
0.3807004
0.3797462
0.4386413
0.4074221
0.4245615
0.3679901
0.4524814
0.4243878
0.4438386
0.2835098
0.4588874
0.5197312
0.470544
0.2813652
0.3199095
0.2585281
0.2356747
0.3022122
0.3182658
0.3631473
0.3650512
0.5321321
0.3899859
0.2982428
0.326456
0.2990451
0.2912266
0.4112185
0.5770182
0.4032827
0.4716378
0.5076838
0.2584468
0.2472775
0.2849443
0.2290108
0.2795261
0.2965498
0.3474923
0.3185542
0.4577814
0.4183373
0.3586863
0.3301196
0.3549277
0.3869632
0.4960583
0.4557821
0.3804884
0.3619533
0.3468234
0.2644993
0.3319904
0.3867074
0.318671
0.2868401
0.3337169
0.3515013
0.4397081
0.3994748
0.4065566
0.4281904
0.3671303
0.3075613
0.2998762
0.3942269
0.4733367
0.3640117
0.4628352
0.4644188
0.4999362
0.4423915
0.3148092
0.3677094
0.3895297
0.3582002
0.4146529
0.4669807
0.2697073
0.6395514
0.3546663
0.4180965
0.2986861
0.3309276
0.4513109
0.4382138
0.3744169
0.3759975
0.3280759
0.4219327
0.3912703
0.4009484
0.4392056
0.4552166
0.3746893
0.4597713
0.4942189
0.4287818
0.38189
0.4148497
0.329358
0.4305644
0.5202669
0.3914238
0.3510651
0.338158
0.283342
0.4337023
0.4833533
0.4671133
0.3087529
0.3294611
0.4059017
0.4614945
0.4078982
0.4658077
0.3800236
0.4391465
0.4961433
0.3498727
0.4915751
0.4258365
0.3753846
0.3427512
0.4033173
0.2944319
0.3710617
0.3898159
0.3858309
0.5089095
0.3719617
0.3589433
0.2772042
0.4104777
0.4250607
0.392288
0.4320135
0.4664475
0.3662718
0.3857418
0.4608888
0.3926454
0.4017926
0.4013618
0.3469866
0.3440123
0.3810754
0.4157564
0.3981709
0.3604418
0.366093
0.4745059
0.4476326
0.4598263
0.4003329
0.3815333
0.4233692
0.3239869
0.3471097
0.3817241
0.3000695
0.3705513
0.344976
0.482462
0.4604263
0.3705781
0.3114624
0.3298824
0.411219
0.3705254
0.4779414
0.4561904
0.4149742
0.3317221
0.4408058
0.3219009
0.3886291
0.3348871
0.308798
0.3521743
0.413871
0.399113
0.4534285
0.373477
0.3728377
0.3459273
0.3120689
0.316804
0.4003285
0.3407014
0.3585999
0.3145396
0.3352191
0.4100939
0.390465
0.4394618
0.3792736
0.5190349
0.3454379
0.4405061
0.4253137
0.3361426
0.4092214
0.4261208
0.3866202
0.4543961
0.4884169
0.4140246
0.312199
0.3712905
0.3986299
0.3291014
0.4993344
0.4972099
0.4860505
0.3355306
0.4043806
0.3940331
0.3171841
0.3513171
0.3520339
0.4539249
0.4240128
0.3794893
0.4047237
0.471348
0.4828011
0.3934895
0.3081265
0.3989979
0.3674414
0.3456575
0.317708
0.5377286
0.3543637
0.3802102
0.3919565
0.3074914
0.3206866
0.2962225
0.3726343
0.3452102
0.2773816
0.344711
0.3619901
0.3763719
0.4336078
0.3522486
0.287021
0.4374262
0.402684
0.3958056
0.4023238
0.396888
0.3365863
0.4345341
0.3603539
0.3933095
0.4290146
0.497811
0.5039996
0.3072539
0.4292595
0.5187779
0.3364339
0.2872773
0.4332538
0.4144163
0.3084344
0.3257534
0.3531757
0.459998
0.4755374
0.3166449
0.4352984
0.4867775
0.4275143
0.3789873
0.3775753
0.3467031
0.3248357
0.3939718
0.2527795
0.3208335
0.3898842
0.4336965
0.480038
0.446232
0.4190917
0.4093505
0.4820176
0.4806989
0.4844941
0.3881036
0.4267425
0.4865012
0.4775047
0.4035778
0.4088508
0.459139
0.409822
0.515654
0.5459565
0.3275337
0.3751527
0.3963622
0.4885359
0.307749
0.3767521
0.3999147
0.3472678
0.4553458
0.5189682
0.4877754
0.5054063
0.3656318
0.4037473
0.4839335
0.4532292
0.3293034
0.4819452
0.3988787
0.426413
0.4927925
0.3718153
0.4202858
0.3445323
0.4208777
0.3896843
0.4100459
0.4037301
0.4009827
0.3315266
0.3728891
0.3187802
0.393223
0.3954278
0.409786
0.3552065
0.3467113
0.342218
0.5353502
0.3739668
0.4302165
0.4833194
0.4704958
0.3670339
0.3426391
0.5169861
0.3786003
0.5694052
0.3322869
0.3335547
0.3076824
0.3681381
0.4844539
0.4093202
0.3345363
0.3782427
0.4035344
0.2688982
0.4020059
0.3822486
0.5041113
0.5384272
0.3915551
0.3367201
0.3800145
0.3661412
0.4701648
0.3847755
0.3296085
0.547617
0.3342245
0.48844
0.4809524
0.4333757
0.3664292
0.3008056
0.3696871
0.3205284
0.3355847
0.4073402
0.4071771
0.3465337
0.441363
0.3491162
0.3876044
0.4467137
0.385873
0.4041009
0.4261558
0.3658243
0.3544432
0.4936637
0.41533
0.520083
0.3478812
0.3308285
0.2740812
0.4585415
0.3852679
0.4308474
0.3353323
0.344605
0.4540605
0.4315419
0.4254313
0.3684772
0.3326435
0.4710829
0.3147366
0.3749149
0.3335919
0.4932858
0.447542
0.4038568
0.3867642
0.3904679
0.3328325
0.4555452
0.3803861
0.3638614
0.4616126
0.3407731
0.4610934
0.3931683
0.4934125
0.3098683
0.4254963
0.3631948
0.4338857
0.5413055
0.3757977
0.4469098
0.3783476
0.4132509
0.4005976
0.3498806
0.3751278
0.3617694
0.3630657
0.3673421
0.4772325
0.3347303
0.3646116
0.3560146
0.4505742
0.5699531
0.3879735
0.3399826
0.2635034
0.4314265
0.302079
0.3547478
0.3727378
0.2558162
0.2737565
0.3152777
0.3072887
0.4506253
0.3214501
0.3617447
0.3156207
0.2891824
0.3198199
0.2766491
0.4048907
0.4821224
0.3524428
0.391312
0.3714872
0.5129343
0.4745723
0.3624011
0.3421686
0.4255784
0.429292
0.3146667
0.3862805
0.4334805
0.4371269
0.405326
0.4164776
0.3744191
0.3363162
0.4101024
0.4807036
0.443715
0.441862
0.4308378
0.5257436
0.3930164
0.3409466
0.3166498
0.5230431
0.2765305
0.2446756
0.389829
0.3234038
0.4324259
0.5600414
0.449959
0.392325
0.401516
0.3932225
0.4248616
0.3293488
0.3680488
0.3647695
0.3669722
0.2631166
0.4080866
0.3436647
0.4616287
0.4255192
0.3942238
0.3897717
0.3976062
0.3568113
0.4232313
0.3571402
0.4372875
0.5903763
0.4870952
0.4320924
0.563143
0.3113217
0.4849814
0.2843824
0.2103858
0.3185725
0.3084534
0.3173922
0.3608441
0.3946054
0.329352
0.3864074
0.3412439
0.4200087
0.435342
0.3535732
0.5052532
0.4035504
0.4554451
0.3957658
0.4522299
0.4745545
0.3487239
0.2869564
0.4033208
0.3866694
0.3729609
0.3814232
0.3883181
0.4634439
0.3758849
0.4084113
0.3680133
0.4099109
0.3518358
0.3762069
0.38893
0.275713
0.3116458
0.3763818
0.4831738
0.3491486
0.3444243
0.3608826
0.2453329
0.32094
0.3292266
0.4169762
0.3216659
0.5184939
0.4841892
0.4859241
0.4634904
0.3766878
0.4222455
0.3880878
0.3390213
0.3052131
0.3813562
0.4036333
0.4113438
0.3848538
0.3291231
0.5240137
0.4378582
0.6664579
0.4233478
0.3732905
0.3625418
0.3510852
0.3989884
0.2943735
0.4536281
0.2752844
0.3364551
0.3145936
0.4610503
0.4023325
0.3502211
0.3392836
0.2753272
0.397823
0.4277105
0.4219679
0.4568585
0.444341
0.4321129
0.430974
0.4146075
0.3550099
0.3460101
0.2916003
0.4112228
0.4151404
0.3154962
0.3330447
0.38395
0.4867075
0.5434373
0.3691387
0.3783316
0.4097962
0.4038244
0.5950418
0.4157156
0.3062471
0.4075496
0.4671954
0.4824581
0.4028114
0.3612911
0.423672
0.4759231
0.5093711
0.4927942
0.4088285
0.3620202
0.4014308
0.3910357
0.4249511
0.3911666
0.5297982
0.3252623
0.423195
0.3324637
0.3579546
0.43585
0.44179
0.446327
0.5456099
0.3903458
0.3760358
0.5684471
0.3495035
0.4643177
0.3330303
0.4200706
0.3357651
0.3914713
0.4127095
0.5099271
0.4445059
0.3245737
0.3896323
0.3711263
0.3046755
0.3719596
0.3480358
0.3765637
0.3562944
0.4553803
0.327726
0.3213501
0.5436181
0.4180296
0.4242932
0.392717
0.3686853
0.3688368
0.4501143
0.3588972
0.4342694
0.3226656
0.455318
0.3641169
0.4022553
0.5014745
0.3570562
0.3946442
0.3724335
0.2630246
0.4684638
0.4291134
0.4285209
0.4368775
0.3897913
0.4055073
0.3316019
0.319567
0.3176365
0.3938195
0.3679684
0.4619448
0.4397832
0.4715587
0.4093483
0.3489901
0.3987814
0.4956452
0.3650659
0.4189775
0.4638415
0.4256526
0.3870889
0.3717653
0.3635172
0.3727191
0.3266139
0.3669596
0.3589326
0.3710657
0.3325972
0.3835139
0.3023329
0.3782311
0.3184408
0.3945256
0.4130751
0.4405346
0.490667
0.3460502
0.5595379
0.3813674
0.4360386
0.4709689
0.3874151
0.3100069
0.3831987
0.3880637
0.4652365
0.4239374
0.3555035
0.4783562
0.4442859
0.368347
0.4902987
0.3437483
0.3069706
0.4241941
0.3772964
0.3919731
0.3291295
0.3286348
0.3010457
0.4069527
0.3254638
0.3940653
0.3738812
0.3235824
0.388532
0.4655022
0.4952342
0.5005491
0.4356761
0.3835712
0.4252507
0.2880669
0.34894
0.378589
0.4036302
0.3168533
0.5124995
0.3504653
0.4804914
0.4889764
0.380909
0.3982883
0.3426667
0.3545005
0.3350148
0.5822634
0.4352809
0.4711169
0.3845511
0.3512058
0.3525563
0.4843266
0.5297203
0.4545974
0.4077284
0.2997083
0.4410436
0.4709231
0.3419159
0.3878789
0.4339925
0.3725882
0.3238698
0.6133734
0.4083153
0.3956919
0.4136224
0.3687105
0.415759
0.4354267
0.3879301
0.4535329
0.4740797
0.4136873
0.4169542
0.3909389
0.4185337
0.3475154
0.3510366
0.4108016
0.3568644
0.3383355
0.2196528
0.4909336
0.4318798
0.3159795
0.4688569
0.5028182
0.3679601
0.4490933
0.3887734
0.3169758
0.3926419
0.3718126
0.2437749
0.3163412
0.3563062
0.3676024
0.2773648
0.2669095
0.2723451
0.4103848
0.3663292
0.4306122
0.3375174
0.3720769
0.4293164
0.3548833
0.5188862
0.3971493
0.3347816
0.3519885
0.4742713
0.2405336
0.3999943
0.3854126
0.4559479
0.4624472
0.4029711
0.4293607
0.3475606
0.4151569
0.370963
0.4919549
0.3896034
0.3590505
0.3595805
0.4380051
0.3977229
0.450544
0.3959251
0.3420755
0.3563899
0.3213012
0.3478803
0.3510186
0.4086303
0.4217827
0.4642596
0.4038266
0.3139949
0.3593483
0.4028917
0.4062743
0.2909618
0.3843361
0.3244411
0.4397252
0.4321407
0.4393181
0.424357
0.3234775
0.4710833
0.438813
0.3205531
0.4022953
0.344646
0.3460667
0.3893303
0.3811238
0.3856681
0.4430024
0.4278987
0.3114929
0.310242
0.3652377
0.4077435
0.4251678
0.441655
0.3782185
0.4724846
0.3085783
0.2835574
0.4156794
0.4110281
0.2260289
0.4132059
0.5019258
0.4029785
0.4554983
0.4262579
0.4226404
0.4571866
0.4797144
0.3867546
0.4226666
0.3649778
0.4205576
0.2932293
0.2692467
0.3220732
0.3511174
0.3040631
0.3048432
0.4108351
0.3285368
0.4588234
0.4081547
0.2923457
0.4093757
0.5449308
0.3750839
0.4390779
0.4475326
0.4112059
0.4014844
0.3963007
0.343754
0.450772
0.4047034
0.3378346
0.3710194
0.3051825
0.409992
0.4019804
0.4159967
0.4509849
0.409664
0.2382756
0.3551194
0.3159548
0.2999392
0.2789031
0.2742699
0.4425952
0.3259251
0.3308924
0.3805593
0.4514099
0.4388133
0.3634071
0.3057962
0.1991222
0.2059727
0.2596586
0.3198353
0.3050858
0.525909
0.3269101
0.4442951
0.3501771
0.3923744
0.3749226
0.406176
0.4472805
0.3331186
0.2935313
0.3674782
0.406184
0.3646278
0.3771916
0.4152721
0.3471927
0.3353924
0.4401816
0.4699912
0.425772
0.3621912
0.3943859
0.3023723
0.3334102
0.4257525
0.4816885
0.5024961
0.4249595
0.3181379
0.2937105
0.3531551
0.3685788
0.4211379
0.4732548
0.5049512
0.2765975
0.2866239
0.3642124
0.4230361
0.397572
0.4122287
0.3606809
0.4375204
0.3752853
0.3357666
0.4223943
0.3928056
0.452352
0.3314604
0.3671276
0.3923718
0.4028539
0.4124767
0.4013496
0.5945795
0.431504
0.3661341
0.275747
0.2893181
0.3755172
0.5428772
0.5122541
0.2781857
0.3334154
0.4613021
0.3227687
0.4396158
0.4821193
0.2960023
0.4061015
0.3987905
0.3507467
0.3342856
0.3917084
0.4203377
0.4704721
0.3596076
0.3482293
0.4007493
0.354105
0.2668127
0.391671
0.3641312
0.2974618
0.3206302
0.3267807
0.4309397
0.3501502
0.3676636
0.4505416
0.342557
0.2956275
0.4162102
0.4369846
0.4550007
0.4041903
0.4192988
0.5065119
0.4074737
0.4199663
0.4118433
0.3590899
0.4503707
0.4533292
0.3411596
0.4351947
0.3661098
0.3598068
0.5028151
0.4638904
0.348884
0.372059
0.4260913
0.3131314
0.3705966
0.4696599
0.501388
0.3837571
0.4065383
0.3999919
0.4018532
0.4242866
0.4155484
0.3831583
0.3383406
0.3626341
0.5428609
0.2628206
0.2619839
0.2257642
0.2885051
0.3985803
0.2980683
0.3040127
0.2935502
0.3542813
0.4680373
0.3305725
0.2710275
0.2966188
0.4468202
0.4214272
0.4063226
0.3787395
0.4832355
0.4337875
0.3712102
0.4292179
0.3955909
0.4939589
0.3321307
0.3952772
0.334224
0.3043328
0.274977
0.4200874
0.474925
0.3412385
0.6357852
0.5029538
0.3800748
0.3930242
0.481393
0.3400967
0.2775666
0.4143007
0.4069102
0.3514735
0.4249355
0.4051524
0.3534236
0.3130265
0.3600031
0.408286
0.408889
0.4188872
0.3454013
0.3283891
0.442217
0.3115313
0.3408962
0.3250177
0.3308752
0.341733
0.4416892
0.4225321
0.3546804
0.4104149
0.4904725
0.3736647
0.5108636
0.3833356
0.4253716
0.2969959
0.4131425
0.4097776
0.4341402
0.4473137
0.421452
0.48497
0.4801533
0.3429851
0.3355481
0.3213402
0.4763921
0.3811095
0.365613
0.4681252
0.3975209
0.3764677
0.4490357
0.4708197
0.5106099
0.5424395
0.3842732
0.4115897
0.3557656
0.3111882
0.3083279
